$ 1 0.000005 10.20027730826997 50 5 43 5e-11
150 320 208 432 208 0 2 5 5
150 320 272 432 272 0 2 0 5
150 320 400 432 400 0 2 0 5
150 320 336 432 336 0 2 0 5
L 176 64 176 16 0 0 false 5 0
L 240 64 240 16 0 0 false 5 0
I 272 96 272 160 0 0.5 5
w 272 160 272 224 0
w 272 224 320 224 0
w 272 224 272 352 0
w 272 352 320 352 0
w 240 96 240 288 0
w 240 288 320 288 0
w 240 288 240 416 0
w 240 416 320 416 0
w 272 96 240 96 0
w 240 96 240 64 0
I 208 96 208 160 0 0.5 5
w 208 96 176 96 0
w 176 96 176 64 0
w 176 96 176 192 0
w 176 192 176 320 0
w 208 160 208 192 0
w 208 192 320 192 0
w 208 192 208 256 0
w 208 256 320 256 0
w 176 320 320 320 0
w 176 320 176 384 0
w 176 384 320 384 0
